19 0.361250 0.199444 0.292500 0.158889
19 0.753750 0.280556 0.285833 0.172222
19 0.835000 0.140000 0.256667 0.175556
19 0.901667 0.506667 0.161667 0.448889
19 0.724583 0.645556 0.160833 0.408889
19 0.544167 0.513333 0.183333 0.424444
19 0.152917 0.121667 0.295833 0.203333
19 0.108333 0.396111 0.118333 0.358889
19 0.080417 0.756111 0.092500 0.334444
19 0.182917 0.773333 0.139167 0.360000
19 0.387917 0.680556 0.204167 0.567778
19 0.623333 0.925556 0.250000 0.133333
19 0.413333 0.418333 0.088333 0.285556
19 0.315000 0.363889 0.088333 0.150000
19 0.578333 0.142222 0.258333 0.266667
19 0.862917 0.857778 0.229167 0.188889
19 0.823333 0.754444 0.088333 0.106667
