5 0.746154 0.646447 0.163077 0.190641
5 0.866538 0.667678 0.159231 0.188042
5 0.712308 0.786828 0.216923 0.164645
5 0.791923 0.153813 0.176154 0.248700
5 0.684231 0.238302 0.197692 0.195841
5 0.874615 0.240035 0.218462 0.187175
5 0.465000 0.572357 0.177692 0.162045
5 0.483846 0.457539 0.124615 0.124783
5 0.565769 0.581023 0.102308 0.144714
5 0.153462 0.724437 0.193077 0.168111
5 0.192308 0.605286 0.195385 0.136049
5 0.296154 0.775130 0.153846 0.184575
5 0.178077 0.340121 0.282308 0.234835
5 0.256154 0.149047 0.216923 0.280763
5 0.422692 0.250433 0.257692 0.259965
