11 0.846814 0.912786 0.114583 0.174428
11 0.599112 0.919526 0.097120 0.102941
11 0.501685 0.727941 0.101409 0.123366
11 0.557598 0.081087 0.072304 0.074755
11 0.484069 0.123570 0.047794 0.065768
11 0.535692 0.245098 0.067096 0.069444
11 0.444240 0.208333 0.088235 0.059641
11 0.739124 0.220997 0.076287 0.085784
11 0.560662 0.444649 0.128064 0.112337
11 0.775582 0.623979 0.069547 0.095997
11 0.793352 0.430760 0.076287 0.121324
11 0.777574 0.355392 0.056985 0.059641
11 0.107843 0.390523 0.060662 0.120098
11 0.268689 0.825572 0.188725 0.126634
11 0.182598 0.914828 0.091299 0.170343
11 0.222733 0.713235 0.077206 0.158497
11 0.478707 0.660131 0.064032 0.127451
11 0.410233 0.533088 0.120098 0.111111
11 0.486979 0.488154 0.084252 0.099673
11 0.288756 0.092525 0.065870 0.103350
11 0.300551 0.231005 0.069240 0.115605
11 0.203585 0.169935 0.070772 0.129085
11 0.143382 0.255719 0.060049 0.166667
