12 0.597812 0.286250 0.126875 0.237500
12 0.699375 0.425000 0.145000 0.135000
12 0.723437 0.134583 0.105625 0.262500
12 0.823750 0.267917 0.225000 0.209167
12 0.850625 0.086250 0.187500 0.162500
12 0.628750 0.698333 0.095000 0.210000
12 0.765625 0.799583 0.197500 0.310833
12 0.850625 0.690833 0.206250 0.130000
12 0.736250 0.585000 0.162500 0.175000
12 0.625313 0.843750 0.118125 0.255833
12 0.521563 0.693333 0.153125 0.275000
12 0.449375 0.498750 0.086250 0.179167
12 0.536250 0.417500 0.133750 0.246667
12 0.346250 0.219583 0.195000 0.134167
12 0.223438 0.403333 0.090625 0.105000
12 0.330937 0.439583 0.121875 0.124167
12 0.283125 0.685000 0.200000 0.205000
