11 0.217868 0.681628 0.050157 0.068894
11 0.152038 0.662839 0.075235 0.056367
11 0.542320 0.475992 0.034483 0.050104
11 0.499216 0.810021 0.054859 0.054280
11 0.449060 0.837161 0.026646 0.062630
11 0.573668 0.864301 0.050157 0.096033
11 0.397335 0.793319 0.061129 0.075157
11 0.794671 0.770355 0.065831 0.058455
11 0.814263 0.627349 0.073668 0.064718
11 0.348746 0.718163 0.064263 0.079332
11 0.634013 0.799582 0.045455 0.104384
11 0.713166 0.771399 0.056426 0.102296
11 0.386364 0.496868 0.026646 0.079332
11 0.426332 0.488518 0.037618 0.058455
11 0.473354 0.505219 0.034483 0.050104
11 0.518025 0.527140 0.042320 0.048017
11 0.470219 0.674322 0.034483 0.096033
11 0.516458 0.725470 0.057994 0.052192
11 0.575235 0.563674 0.072100 0.054280
