22 0.354750 0.549833 0.112000 0.243000
22 0.262375 0.487167 0.091750 0.181000
22 0.166625 0.610167 0.085750 0.290333
22 0.232750 0.380000 0.127500 0.100000
22 0.395750 0.390167 0.144000 0.111000
22 0.363625 0.311667 0.158250 0.109333
22 0.209375 0.312500 0.114250 0.114333
22 0.191000 0.245000 0.127500 0.154000
22 0.089250 0.552333 0.119000 0.133333
22 0.224250 0.906167 0.113500 0.187667
22 0.202375 0.776667 0.126250 0.125333
22 0.249375 0.684667 0.113250 0.090667
22 0.354750 0.909500 0.124000 0.181000
22 0.385625 0.787833 0.116750 0.135000
22 0.456000 0.812167 0.085500 0.165000
22 0.535750 0.899667 0.121500 0.187333
22 0.569000 0.647500 0.081000 0.193667
22 0.538625 0.715667 0.113250 0.108000
22 0.626750 0.614833 0.108500 0.195000
22 0.592750 0.472833 0.150000 0.117667
22 0.518375 0.366500 0.067750 0.127000
22 0.406500 0.389333 0.146500 0.046000
22 0.388625 0.103000 0.070250 0.088667
22 0.774250 0.726667 0.106000 0.295333
22 0.877250 0.472167 0.171500 0.160333
22 0.914875 0.613167 0.113250 0.147667
22 0.901625 0.336333 0.129750 0.136667
22 0.711250 0.395167 0.096500 0.060333
22 0.630875 0.315667 0.192750 0.111333
22 0.651125 0.179167 0.104750 0.111000
22 0.461250 0.205333 0.101000 0.116000
22 0.340875 0.252833 0.120250 0.084333
22 0.435625 0.566333 0.083250 0.212667
