1 0.549316 0.334635 0.038086 0.138021
1 0.288574 0.514323 0.047852 0.161458
1 0.418945 0.451172 0.031250 0.170573
1 0.250488 0.748698 0.061523 0.093750
1 0.333008 0.919922 0.068359 0.079427
1 0.208984 0.864583 0.068359 0.093750
1 0.181641 0.912760 0.052734 0.122396
1 0.257324 0.193359 0.036133 0.095052
1 0.316895 0.305990 0.040039 0.119792
1 0.206055 0.399740 0.031250 0.098958
1 0.488281 0.819661 0.029297 0.097656
1 0.309082 0.812500 0.045898 0.111979
1 0.056641 0.263672 0.052734 0.097656
1 0.210938 0.511719 0.041016 0.132812
