12 0.543551 0.639000 0.200133 0.387000
12 0.383145 0.548500 0.221742 0.237000
12 0.199302 0.452500 0.164561 0.273000
12 0.317819 0.396000 0.093750 0.210000
12 0.579787 0.153500 0.198803 0.125000
12 0.677693 0.266500 0.131316 0.262000
12 0.847241 0.320250 0.237699 0.169500
12 0.941157 0.454500 0.117686 0.266000
12 0.945811 0.793000 0.108378 0.369000
12 0.855053 0.709250 0.115027 0.330500
12 0.703624 0.881750 0.187832 0.207500
12 0.093085 0.838250 0.176197 0.248500
12 0.423371 0.148500 0.111370 0.176000
12 0.457613 0.284250 0.045545 0.093500
12 0.528590 0.243000 0.109043 0.089000
12 0.757480 0.549250 0.137965 0.129500
12 0.817653 0.503000 0.036902 0.076000
