11 0.704167 0.937431 0.088333 0.125138
11 0.612778 0.914729 0.123333 0.170543
11 0.247222 0.937984 0.073333 0.124031
11 0.521667 0.496678 0.066667 0.171650
11 0.463889 0.662237 0.084444 0.101883
11 0.105556 0.488372 0.063333 0.077519
11 0.163889 0.605205 0.128889 0.149502
11 0.584444 0.669989 0.072222 0.077519
11 0.655833 0.200443 0.062778 0.210410
11 0.763333 0.125692 0.070000 0.200443
11 0.863333 0.223699 0.071111 0.190476
11 0.955278 0.307309 0.087222 0.133998
11 0.869722 0.420819 0.102778 0.203765
11 0.756944 0.453488 0.076111 0.133998
11 0.727222 0.616279 0.064444 0.180509
11 0.664444 0.420266 0.056667 0.111849
11 0.587778 0.390919 0.063333 0.243632
11 0.461667 0.144518 0.088889 0.204873
11 0.365833 0.107420 0.107222 0.194906
11 0.179167 0.430233 0.067222 0.111849
11 0.316944 0.440199 0.097222 0.171650
11 0.391667 0.428571 0.071111 0.183832
11 0.421667 0.323367 0.043333 0.228128
11 0.457500 0.377076 0.053889 0.184939
11 0.429722 0.538206 0.075000 0.155039
