8 0.135417 0.415972 0.133333 0.226389
8 0.181771 0.463889 0.071875 0.208333
8 0.639583 0.344444 0.081250 0.241667
8 0.792188 0.495139 0.155208 0.165278
8 0.827083 0.620139 0.110417 0.134722
8 0.747396 0.622917 0.111458 0.112500
8 0.687500 0.549306 0.068750 0.129167
8 0.282292 0.365972 0.072917 0.045833
8 0.383333 0.364583 0.068750 0.070833
8 0.396875 0.433333 0.027083 0.083333
8 0.348958 0.475000 0.075000 0.052778
8 0.306771 0.641667 0.057292 0.138889
8 0.248958 0.579167 0.112500 0.263889
8 0.363021 0.571528 0.092708 0.120833
8 0.491146 0.436111 0.140625 0.111111
8 0.574479 0.479167 0.073958 0.130556
