12 0.293885 0.170718 0.142168 0.225116
12 0.427083 0.191262 0.107253 0.246528
12 0.285590 0.349682 0.155671 0.120081
12 0.396412 0.475550 0.057099 0.249711
12 0.144097 0.475116 0.178627 0.270255
12 0.167728 0.766059 0.104360 0.352720
12 0.347415 0.738281 0.093750 0.252025
12 0.451100 0.656829 0.166474 0.163773
12 0.775367 0.541522 0.100887 0.345197
12 0.901042 0.617766 0.155093 0.173611
12 0.647473 0.618779 0.099344 0.201678
12 0.716049 0.821759 0.070602 0.230324
12 0.870756 0.863137 0.211420 0.246528
12 0.629919 0.140770 0.078511 0.254919
12 0.770737 0.273148 0.218557 0.163773
