12 0.485840 0.541728 0.268555 0.295754
12 0.771484 0.525622 0.304688 0.257687
12 0.567383 0.256955 0.226562 0.510981
12 0.339355 0.347731 0.182617 0.420205
12 0.142578 0.410688 0.279297 0.235725
12 0.223633 0.590044 0.232422 0.178624
12 0.264648 0.775256 0.234375 0.329429
12 0.498047 0.803807 0.214844 0.330893
12 0.806152 0.724012 0.208008 0.238653
12 0.908203 0.879941 0.154297 0.240117
12 0.839844 0.278184 0.199219 0.172767
12 0.396484 0.164714 0.162109 0.174231
12 0.820801 0.097365 0.094727 0.188873
12 0.729492 0.178624 0.158203 0.122987
