25 0.493490 0.530762 0.169271 0.202148
25 0.777344 0.554199 0.348958 0.092773
25 0.876302 0.471680 0.247396 0.167969
25 0.789062 0.738281 0.242188 0.287109
25 0.233073 0.666504 0.335938 0.143555
25 0.325521 0.521973 0.270833 0.122070
25 0.399740 0.367188 0.260417 0.125000
25 0.568359 0.329102 0.160156 0.140625
25 0.705078 0.274414 0.121094 0.187500
25 0.837240 0.139160 0.117188 0.227539
25 0.569010 0.141602 0.156250 0.193359
25 0.210938 0.345215 0.278646 0.104492
25 0.189453 0.437012 0.285156 0.067383
