1 0.572187 0.560000 0.051875 0.135000
1 0.219062 0.438750 0.061875 0.134167
1 0.145000 0.591667 0.057500 0.123333
1 0.191250 0.587083 0.043750 0.124167
1 0.122813 0.532917 0.113125 0.094167
1 0.273438 0.489583 0.110625 0.050833
1 0.338750 0.455833 0.030000 0.115000
1 0.334688 0.760833 0.069375 0.133333
1 0.757500 0.564583 0.097500 0.224167
1 0.809375 0.629167 0.053750 0.245000
1 0.749062 0.231250 0.075625 0.162500
1 0.769062 0.894583 0.049375 0.142500
1 0.542813 0.697500 0.049375 0.163333
1 0.463438 0.651250 0.065625 0.117500
1 0.664687 0.035417 0.104375 0.059167
1 0.675312 0.099167 0.091875 0.063333
1 0.215312 0.690833 0.068125 0.091667
1 0.220000 0.814583 0.063750 0.052500
1 0.280000 0.893750 0.037500 0.145833
1 0.189688 0.261250 0.050625 0.119167
1 0.351562 0.288750 0.030625 0.087500
1 0.377188 0.357917 0.083125 0.037500
1 0.584063 0.111667 0.044375 0.068333
1 0.828125 0.107917 0.067500 0.077500
1 0.624062 0.502917 0.106875 0.082500
1 0.571250 0.432917 0.042500 0.094167
1 0.618125 0.427083 0.085000 0.067500
1 0.522188 0.600417 0.040625 0.135833
1 0.696562 0.712083 0.075625 0.152500
1 0.886563 0.815000 0.153125 0.166667
1 0.286875 0.302917 0.060000 0.059167
1 0.071250 0.246250 0.036250 0.062500
