11 0.709000 0.940000 0.062000 0.120000
11 0.175333 0.331333 0.050667 0.046667
11 0.271333 0.513333 0.044000 0.122667
11 0.403667 0.426667 0.064667 0.106667
11 0.531333 0.493333 0.038667 0.045333
11 0.562667 0.423333 0.037333 0.068000
11 0.511667 0.684667 0.010000 0.086667
11 0.537333 0.659333 0.022667 0.041333
11 0.527000 0.594000 0.030000 0.049333
11 0.444000 0.634000 0.026667 0.086667
11 0.470333 0.634667 0.012667 0.048000
11 0.492000 0.614667 0.014667 0.042667
11 0.688000 0.632667 0.029333 0.089333
11 0.731000 0.609333 0.023333 0.066667
11 0.782667 0.558000 0.014667 0.036000
11 0.829667 0.567333 0.022000 0.105333
11 0.874000 0.544667 0.030667 0.078667
11 0.592667 0.767333 0.036000 0.081333
