25 0.517090 0.597222 0.110352 0.218254
25 0.811035 0.544312 0.118164 0.294974
25 0.834473 0.765873 0.100586 0.232804
25 0.958984 0.661376 0.082031 0.198413
25 0.887695 0.397487 0.076172 0.152116
25 0.882324 0.186508 0.071289 0.211640
25 0.639648 0.416005 0.109375 0.133598
25 0.633301 0.562169 0.100586 0.161376
25 0.618164 0.687169 0.123047 0.099206
25 0.616699 0.807540 0.108398 0.133598
25 0.333496 0.649471 0.157227 0.095238
25 0.367676 0.535714 0.139648 0.140212
25 0.169922 0.460317 0.091797 0.153439
25 0.226562 0.846561 0.113281 0.174603
25 0.143066 0.923280 0.098633 0.153439
25 0.075684 0.804233 0.110352 0.108466
25 0.455566 0.836640 0.122070 0.093915
25 0.500488 0.763228 0.083008 0.129630
25 0.395508 0.839947 0.123047 0.156085
