11 0.644869 0.203189 0.071373 0.054527
11 0.588156 0.150206 0.052083 0.113169
11 0.417052 0.913323 0.054784 0.081790
11 0.427083 0.807613 0.059414 0.057613
11 0.423418 0.868056 0.058256 0.040638
11 0.939622 0.557356 0.099151 0.112654
11 0.909722 0.641718 0.113426 0.100309
11 0.446181 0.566358 0.063657 0.093621
11 0.400270 0.428241 0.076003 0.094136
11 0.351852 0.370113 0.054012 0.110597
11 0.347029 0.272377 0.052855 0.054012
11 0.549383 0.467335 0.083333 0.077675
11 0.588349 0.626800 0.102623 0.122942
11 0.494985 0.693930 0.070988 0.124486
