12 0.425491 0.787037 0.096849 0.201389
12 0.545325 0.760802 0.152634 0.148920
12 0.579029 0.890239 0.101240 0.219522
12 0.662319 0.716628 0.128357 0.133873
12 0.771565 0.390432 0.152118 0.192901
12 0.689954 0.239198 0.120610 0.143519
12 0.531637 0.281057 0.072572 0.158565
12 0.365573 0.527585 0.089101 0.182485
12 0.279184 0.450424 0.062500 0.081404
12 0.198476 0.376543 0.100465 0.154321
12 0.107309 0.381173 0.093233 0.131944
12 0.189824 0.458912 0.121901 0.109182
12 0.103693 0.545332 0.093233 0.144676
12 0.202092 0.814236 0.196539 0.234954
12 0.074768 0.747299 0.116994 0.300154
12 0.466813 0.626736 0.176395 0.144676
12 0.830837 0.269676 0.105372 0.168210
12 0.161544 0.158372 0.083936 0.213349
12 0.306431 0.083912 0.056560 0.139275
12 0.449638 0.119213 0.180785 0.184414
