15 0.463462 0.643750 0.061538 0.256250
15 0.274038 0.623437 0.059615 0.146875
15 0.094231 0.578125 0.057692 0.256250
15 0.316346 0.190625 0.059615 0.043750
15 0.909615 0.739062 0.103846 0.290625
15 0.900000 0.428125 0.050000 0.125000
15 0.727885 0.676562 0.055769 0.178125
15 0.711538 0.782813 0.076923 0.109375
15 0.775000 0.859375 0.053846 0.187500
15 0.683654 0.484375 0.101923 0.231250
15 0.868269 0.689063 0.048077 0.184375
15 0.741346 0.396875 0.075000 0.162500
15 0.143269 0.325000 0.063462 0.125000
15 0.440385 0.448437 0.065385 0.221875
15 0.371154 0.589063 0.076923 0.209375
15 0.896154 0.556250 0.123077 0.137500
15 0.609615 0.385937 0.084615 0.190625
