23 0.404000 0.478339 0.198000 0.234657
23 0.494000 0.608303 0.194000 0.205776
23 0.770000 0.711793 0.192000 0.179302
23 0.627500 0.732250 0.141000 0.210590
23 0.688500 0.600481 0.165000 0.206980
23 0.804000 0.336342 0.154000 0.212996
23 0.665500 0.357401 0.109000 0.219013
23 0.684000 0.500000 0.150000 0.109507
23 0.572000 0.353791 0.106000 0.228640
23 0.874500 0.151625 0.165000 0.211793
23 0.742000 0.183514 0.112000 0.215403
23 0.447500 0.277978 0.127000 0.252708
23 0.322500 0.288207 0.159000 0.179302
23 0.238000 0.517449 0.132000 0.175692
23 0.118000 0.535499 0.160000 0.170878
23 0.351500 0.784597 0.157000 0.202166
23 0.228000 0.677497 0.166000 0.170878
23 0.142500 0.763538 0.127000 0.249097
23 0.088000 0.423586 0.174000 0.144404
23 0.187000 0.275572 0.128000 0.197353
23 0.086000 0.226233 0.126000 0.223827
23 0.240500 0.160048 0.159000 0.098676
23 0.147000 0.105295 0.116000 0.162455
