1 0.347588 0.527412 0.093567 0.382675
1 0.600146 0.791667 0.107456 0.406798
1 0.674890 0.762336 0.074196 0.473136
1 0.787463 0.784814 0.164839 0.430373
1 0.844298 0.747807 0.117690 0.305921
1 0.729898 0.453399 0.260234 0.203947
1 0.917398 0.325658 0.163012 0.139254
1 0.244518 0.523575 0.103801 0.561404
1 0.427997 0.640351 0.115497 0.312500
1 0.124269 0.348136 0.139620 0.241228
1 0.507310 0.405702 0.234649 0.169956
1 0.513158 0.766996 0.048977 0.337719
1 0.467471 0.296601 0.247076 0.173246
1 0.364035 0.101974 0.076754 0.163377
