11 0.544671 0.841336 0.101881 0.062630
11 0.199060 0.683716 0.169279 0.156576
11 0.655172 0.888309 0.106583 0.081420
11 0.368339 0.795407 0.053292 0.041754
11 0.428683 0.831942 0.042320 0.085595
11 0.203762 0.855950 0.065831 0.096033
11 0.292320 0.758873 0.039185 0.077244
11 0.215517 0.771399 0.061129 0.098121
11 0.257837 0.858038 0.054859 0.108559
11 0.270376 0.591858 0.117555 0.127349
11 0.240596 0.439457 0.098746 0.081420
11 0.304075 0.319415 0.068966 0.141962
11 0.209248 0.306889 0.101881 0.112735
11 0.378527 0.535491 0.070533 0.073069
11 0.485110 0.570981 0.073668 0.077244
11 0.398119 0.628392 0.056426 0.125261
11 0.508621 0.391441 0.064263 0.081420
11 0.454545 0.397704 0.040752 0.060543
11 0.445925 0.339248 0.083072 0.110647
11 0.609718 0.432150 0.059561 0.167015
11 0.686520 0.390397 0.075235 0.141962
11 0.757837 0.410230 0.108150 0.085595
11 0.817398 0.635699 0.092476 0.123173
11 0.628527 0.732777 0.100313 0.108559
11 0.659091 0.568894 0.092476 0.098121
11 0.761755 0.526096 0.072100 0.146138
