12 0.409496 0.283925 0.124629 0.212944
12 0.500742 0.448852 0.087537 0.141962
12 0.123145 0.410230 0.080119 0.152401
12 0.048220 0.477035 0.090504 0.118998
12 0.317507 0.068894 0.219585 0.133612
12 0.761869 0.324635 0.108309 0.181628
12 0.895401 0.475992 0.149852 0.116910
12 0.959941 0.284969 0.080119 0.206681
12 0.342730 0.782881 0.166172 0.125261
12 0.416172 0.917537 0.084570 0.164927
12 0.402819 0.606472 0.087537 0.169102
12 0.600890 0.917537 0.100890 0.068894
12 0.631306 0.685804 0.084570 0.139875
12 0.514837 0.325678 0.062315 0.141962
12 0.390208 0.451983 0.154303 0.144050
