11 0.322549 0.926852 0.280392 0.116667
11 0.624510 0.821296 0.135294 0.142593
11 0.392157 0.493519 0.113725 0.198148
11 0.825490 0.348148 0.207843 0.107407
11 0.686275 0.460185 0.117647 0.183333
11 0.635294 0.375926 0.113725 0.111111
11 0.735294 0.272222 0.145098 0.074074
11 0.229412 0.311111 0.133333 0.103704
11 0.329412 0.388889 0.156863 0.259259
11 0.548039 0.457407 0.143137 0.225926
11 0.536275 0.590741 0.166667 0.122222
11 0.381373 0.752778 0.268627 0.212963
11 0.908824 0.687963 0.182353 0.257407
11 0.776471 0.848148 0.254902 0.259259
