12 0.451562 0.683054 0.165625 0.127615
12 0.467969 0.776151 0.117188 0.117155
12 0.332813 0.813808 0.128125 0.138075
12 0.275000 0.652720 0.137500 0.117155
12 0.400000 0.576360 0.100000 0.119247
12 0.368750 0.503138 0.134375 0.106695
12 0.232813 0.456067 0.137500 0.104603
12 0.166406 0.652720 0.117188 0.171548
12 0.104688 0.857741 0.206250 0.205021
12 0.178906 0.928870 0.164062 0.142259
12 0.605469 0.776151 0.185938 0.129707
12 0.739062 0.849372 0.096875 0.179916
12 0.803906 0.768828 0.148438 0.115063
12 0.898438 0.856695 0.125000 0.131799
12 0.760156 0.952929 0.123438 0.094142
12 0.637500 0.936192 0.112500 0.127615
12 0.110156 0.351464 0.098437 0.238494
12 0.214062 0.234310 0.075000 0.205021
12 0.457031 0.212343 0.079687 0.219665
12 0.576562 0.182008 0.109375 0.263598
12 0.664062 0.118201 0.090625 0.223849
12 0.938281 0.284519 0.123438 0.259414
12 0.889844 0.106695 0.117188 0.188285
12 0.786719 0.554393 0.089063 0.205021
12 0.653125 0.498954 0.115625 0.177824
12 0.539062 0.547071 0.168750 0.102510
