12 0.230556 0.344167 0.096667 0.285000
12 0.331111 0.493333 0.171111 0.156667
12 0.429444 0.623333 0.098889 0.153333
12 0.483333 0.381667 0.073333 0.213333
12 0.580000 0.365000 0.077778 0.193333
12 0.658333 0.613333 0.132222 0.223333
12 0.796667 0.635000 0.224444 0.183333
12 0.690000 0.842500 0.126667 0.255000
12 0.572222 0.759167 0.088889 0.145000
12 0.496667 0.750833 0.062222 0.168333
12 0.420556 0.765833 0.121111 0.165000
12 0.236667 0.630000 0.108889 0.193333
12 0.186111 0.694167 0.072222 0.118333
12 0.100000 0.505833 0.100000 0.165000
12 0.126667 0.231667 0.135556 0.176667
12 0.475000 0.137500 0.167778 0.258333
12 0.754444 0.124167 0.173333 0.231667
12 0.132778 0.678333 0.094444 0.213333
12 0.406667 0.383333 0.131111 0.220000
12 0.508889 0.628333 0.048889 0.093333
