24 0.228333 0.213333 0.181111 0.269630
24 0.331111 0.547407 0.135556 0.217778
24 0.508889 0.346667 0.102222 0.260741
24 0.655000 0.511852 0.130000 0.170370
24 0.764444 0.705185 0.137778 0.245926
24 0.830000 0.372593 0.148889 0.282963
24 0.690556 0.127407 0.281111 0.195556
24 0.352222 0.842222 0.144444 0.241481
24 0.091667 0.745185 0.167778 0.340741
24 0.289444 0.728889 0.114444 0.133333
24 0.432222 0.645926 0.126667 0.136296
24 0.936667 0.765926 0.115556 0.180741
24 0.358889 0.272593 0.133333 0.234074
