12 0.295625 0.366792 0.115000 0.228893
12 0.489687 0.529550 0.133125 0.184803
12 0.640312 0.577392 0.138125 0.242964
12 0.874687 0.544090 0.150625 0.245779
12 0.790000 0.276735 0.207500 0.242026
12 0.594063 0.389306 0.214375 0.153846
12 0.591562 0.298780 0.146875 0.184803
12 0.755000 0.573171 0.177500 0.165103
12 0.746563 0.745310 0.134375 0.128518
12 0.628437 0.837711 0.146875 0.148218
12 0.387500 0.786116 0.136250 0.180113
12 0.249375 0.612101 0.118750 0.207317
12 0.143125 0.623827 0.116250 0.251407
12 0.088125 0.481238 0.128750 0.159475
12 0.189375 0.441839 0.108750 0.163227
12 0.107813 0.305347 0.196875 0.254221
12 0.202500 0.125704 0.141250 0.215760
12 0.803750 0.903846 0.156250 0.186679
12 0.934688 0.711069 0.130625 0.196998
