12 0.345556 0.169197 0.202222 0.286334
12 0.142222 0.201735 0.142222 0.268980
12 0.225556 0.431670 0.264444 0.169197
12 0.160000 0.658351 0.142222 0.227766
12 0.361111 0.725597 0.233333 0.188720
12 0.573333 0.542299 0.262222 0.156182
12 0.831111 0.626898 0.297778 0.173536
12 0.800000 0.816703 0.160000 0.210412
12 0.600000 0.764642 0.137778 0.266811
12 0.835556 0.237527 0.160000 0.258134
12 0.606667 0.149675 0.177778 0.208243
12 0.607778 0.319957 0.264444 0.140998
12 0.210000 0.845987 0.144444 0.117137
