12 0.568846 0.669065 0.193077 0.253237
12 0.754231 0.756475 0.322308 0.117266
12 0.115769 0.610072 0.205385 0.155396
12 0.311538 0.618345 0.155385 0.246763
12 0.387308 0.748561 0.139231 0.226619
12 0.614231 0.273741 0.177692 0.272662
12 0.744615 0.115827 0.307692 0.105036
12 0.855000 0.191367 0.271538 0.097842
12 0.760000 0.263309 0.141538 0.168345
12 0.151923 0.148201 0.179231 0.178417
12 0.365000 0.175899 0.170000 0.278417
12 0.393846 0.305755 0.166154 0.223022
12 0.208077 0.377338 0.293077 0.148921
