11 0.390922 0.426758 0.134700 0.060547
11 0.079795 0.223145 0.115666 0.106445
11 0.478770 0.272949 0.163982 0.083008
11 0.645681 0.806641 0.087848 0.105469
11 0.592240 0.466309 0.083455 0.098633
11 0.580527 0.156738 0.174231 0.192383
11 0.695461 0.280273 0.234261 0.097656
11 0.747438 0.491211 0.247438 0.060547
11 0.482430 0.656250 0.156662 0.095703
11 0.537335 0.764648 0.266471 0.097656
11 0.285505 0.839844 0.196193 0.111328
11 0.725476 0.708008 0.080527 0.103516
11 0.926061 0.557129 0.139092 0.106445
11 0.833821 0.695312 0.101025 0.126953
11 0.764275 0.551270 0.158126 0.133789
