11 0.605455 0.759709 0.076364 0.165049
11 0.425455 0.503641 0.087273 0.133495
11 0.841818 0.862864 0.098182 0.274272
11 0.879091 0.724515 0.129091 0.084951
11 0.810000 0.576456 0.114545 0.070388
11 0.226364 0.476942 0.125455 0.201456
11 0.078182 0.842233 0.134545 0.281553
11 0.205455 0.678398 0.061818 0.080097
11 0.238182 0.805825 0.087273 0.208738
11 0.306364 0.662621 0.078182 0.082524
11 0.353636 0.632282 0.107273 0.104369
11 0.433636 0.849515 0.103636 0.281553
11 0.724545 0.785194 0.100000 0.274272
