14 0.301500 0.671333 0.115000 0.158667
14 0.544000 0.696000 0.144000 0.216000
14 0.550500 0.522667 0.131000 0.117333
14 0.422500 0.433333 0.117000 0.138667
14 0.345500 0.432000 0.061000 0.098667
14 0.285000 0.422667 0.074000 0.125333
14 0.237000 0.544000 0.120000 0.157333
14 0.566500 0.406000 0.117000 0.100000
14 0.516000 0.333333 0.070000 0.138667
14 0.596000 0.319333 0.090000 0.126667
14 0.735500 0.328000 0.125000 0.114667
14 0.757500 0.416000 0.143000 0.090667
14 0.835500 0.355333 0.069000 0.078667
14 0.754000 0.558667 0.156000 0.104000
14 0.856000 0.569333 0.074000 0.106667
14 0.835500 0.692000 0.099000 0.157333
14 0.474500 0.833333 0.185000 0.170667
14 0.298000 0.834000 0.176000 0.174667
14 0.115000 0.691333 0.110000 0.140000
14 0.075000 0.569333 0.092000 0.112000
