14 0.177917 0.297812 0.325833 0.163125
14 0.420000 0.322188 0.193333 0.089375
14 0.580417 0.226250 0.214167 0.138750
14 0.692083 0.322813 0.267500 0.128125
14 0.642917 0.444375 0.225833 0.103750
14 0.844583 0.441250 0.162500 0.177500
14 0.789583 0.635938 0.155833 0.163125
14 0.649583 0.719375 0.102500 0.113750
14 0.867083 0.840625 0.215833 0.186250
14 0.363333 0.727812 0.261667 0.215625
14 0.315833 0.548125 0.151667 0.137500
14 0.154167 0.465625 0.225000 0.132500
14 0.457083 0.437188 0.240833 0.106875
14 0.530833 0.839063 0.126667 0.194375
14 0.685417 0.862500 0.129167 0.198750
