25 0.388836 0.409910 0.158940 0.315315
25 0.575213 0.396959 0.147588 0.291667
25 0.642857 0.483671 0.197729 0.300676
25 0.780511 0.505068 0.126774 0.176802
25 0.165090 0.648086 0.301798 0.201577
25 0.240303 0.461712 0.122990 0.101351
25 0.295648 0.523649 0.146641 0.137387
25 0.732734 0.053491 0.105014 0.102477
25 0.461684 0.203266 0.198675 0.084459
25 0.686377 0.213401 0.127720 0.122748
25 0.916746 0.388514 0.166509 0.094595
25 0.944182 0.346847 0.111637 0.135135
25 0.724219 0.734797 0.171239 0.122748
25 0.898770 0.921734 0.189215 0.156532
25 0.704352 0.916667 0.188269 0.166667
25 0.092242 0.490428 0.161779 0.125000
