24 0.386958 0.682492 0.147059 0.391426
24 0.155823 0.588942 0.109626 0.229167
24 0.530749 0.310096 0.166072 0.281250
24 0.849822 0.560897 0.271242 0.266026
24 0.753417 0.269030 0.099822 0.154247
24 0.628194 0.085136 0.112597 0.113381
24 0.448455 0.342348 0.166072 0.292869
24 0.187908 0.431290 0.082294 0.139824
24 0.030006 0.435697 0.059418 0.195913
24 0.198752 0.203325 0.110517 0.168670
24 0.348930 0.413862 0.101307 0.110577
24 0.270499 0.887220 0.081699 0.225561
24 0.907308 0.292067 0.070707 0.317308
24 0.438948 0.485777 0.101307 0.260817
24 0.607843 0.156651 0.124183 0.080128
