1 0.354818 0.532389 0.128906 0.334961
1 0.279948 0.162109 0.130208 0.319010
1 0.673828 0.158529 0.207031 0.303385
1 0.894314 0.193685 0.163628 0.352865
1 0.907769 0.665202 0.117622 0.256185
1 0.225043 0.476562 0.259115 0.253255
1 0.470052 0.829915 0.093750 0.073242
1 0.253689 0.818359 0.117622 0.080078
1 0.448351 0.963867 0.119792 0.072266
1 0.680122 0.917480 0.048611 0.083008
1 0.094184 0.847819 0.075521 0.115560
1 0.583767 0.884440 0.116319 0.065104
1 0.649523 0.756510 0.088108 0.083984
1 0.706814 0.770020 0.054253 0.098633
1 0.765625 0.756999 0.107639 0.091471
1 0.886068 0.819336 0.088108 0.075521
1 0.931641 0.901367 0.058594 0.102865
1 0.895616 0.958008 0.062934 0.083984
1 0.330946 0.896484 0.078559 0.097656
1 0.118707 0.725911 0.124566 0.054688
1 0.085069 0.269206 0.116319 0.161458
