11 0.195000 0.202500 0.054444 0.100000
11 0.142222 0.281667 0.054444 0.066667
11 0.333333 0.721667 0.130000 0.120000
11 0.146389 0.770833 0.183889 0.138333
11 0.099444 0.600417 0.075556 0.069167
11 0.113611 0.488333 0.057222 0.065000
11 0.088056 0.550417 0.042778 0.050833
11 0.358056 0.500417 0.087222 0.142500
11 0.561111 0.067083 0.063333 0.132500
11 0.485000 0.509167 0.073333 0.065000
11 0.083889 0.390833 0.065556 0.100000
11 0.251389 0.557083 0.049444 0.080833
11 0.461944 0.682500 0.072778 0.110000
11 0.563889 0.362083 0.110000 0.082500
11 0.558611 0.295833 0.062778 0.050000
11 0.599167 0.190000 0.129444 0.091667
11 0.405556 0.273333 0.065556 0.065000
11 0.361389 0.322083 0.060556 0.075833
11 0.433611 0.345417 0.097222 0.090833
