14 0.138125 0.397500 0.191250 0.228333
14 0.309375 0.394167 0.123750 0.238333
14 0.209375 0.585833 0.176250 0.195000
14 0.432500 0.209167 0.185000 0.225000
14 0.571875 0.316667 0.151250 0.160000
14 0.429375 0.406667 0.143750 0.203333
14 0.729375 0.095833 0.168750 0.175000
14 0.709375 0.236667 0.148750 0.113333
14 0.827500 0.148333 0.112500 0.146667
14 0.530000 0.678333 0.145000 0.260000
14 0.306250 0.828333 0.192500 0.266667
14 0.333125 0.612500 0.131250 0.175000
14 0.462500 0.753333 0.160000 0.226667
14 0.696875 0.909167 0.148750 0.181667
14 0.796875 0.850833 0.143750 0.198333
14 0.724375 0.526667 0.196250 0.216667
14 0.519375 0.510000 0.216250 0.190000
14 0.891250 0.285833 0.167500 0.151667
