11 0.507812 0.954427 0.117188 0.091146
11 0.446777 0.403646 0.131836 0.127604
11 0.602539 0.372396 0.099609 0.072917
11 0.475098 0.241536 0.079102 0.173177
11 0.327637 0.808594 0.143555 0.247396
11 0.667969 0.942708 0.107422 0.114583
11 0.704590 0.643229 0.071289 0.109375
11 0.217773 0.332682 0.150391 0.066406
11 0.153809 0.391276 0.186523 0.097656
11 0.484375 0.725260 0.101562 0.125000
11 0.537598 0.846354 0.081055 0.072917
11 0.639160 0.847005 0.081055 0.045573
11 0.646973 0.773438 0.084961 0.075521
11 0.546387 0.759766 0.073242 0.063802
11 0.458984 0.510417 0.166016 0.135417
11 0.593750 0.568359 0.046875 0.066406
11 0.707520 0.796224 0.108398 0.139323
11 0.187500 0.604818 0.169922 0.157552
11 0.140625 0.864583 0.160156 0.270833
