2 0.330625 0.616111 0.190000 0.767778
2 0.576562 0.350556 0.276875 0.601111
2 0.776875 0.572222 0.261250 0.300000
2 0.884062 0.316667 0.131875 0.546667
2 0.229375 0.571111 0.155000 0.795556
2 0.493125 0.321667 0.120000 0.610000
2 0.072188 0.500556 0.116875 0.996667
2 0.586875 0.867222 0.297500 0.265556
2 0.777813 0.905556 0.196875 0.144444
2 0.397188 0.756111 0.081875 0.487778
2 0.357500 0.239444 0.087500 0.472222
2 0.948125 0.676111 0.098750 0.378889
2 0.768125 0.395556 0.107500 0.337778
2 0.773438 0.259444 0.138125 0.434444
