22 0.514545 0.495907 0.240000 0.088677
22 0.408182 0.642565 0.194545 0.212824
22 0.365455 0.371078 0.141818 0.128240
22 0.575455 0.751705 0.220000 0.136426
22 0.254545 0.735334 0.229091 0.128240
22 0.259091 0.622783 0.212727 0.211460
22 0.794545 0.239427 0.305455 0.124147
22 0.834545 0.422237 0.261818 0.173261
22 0.462727 0.126194 0.158182 0.143247
22 0.160909 0.371078 0.194545 0.128240
22 0.590909 0.894952 0.294545 0.120055
22 0.713636 0.577080 0.172727 0.100955
22 0.182727 0.164393 0.096364 0.129604
22 0.097273 0.240791 0.118182 0.107776
