22 0.472500 0.314688 0.073750 0.153125
22 0.511250 0.526875 0.096250 0.137500
22 0.464687 0.606250 0.180625 0.070000
22 0.635312 0.408438 0.120625 0.150625
22 0.572500 0.173125 0.160000 0.098750
22 0.578125 0.255937 0.081250 0.128125
22 0.740938 0.364687 0.183125 0.093125
22 0.883125 0.302812 0.151250 0.138125
22 0.929688 0.552188 0.093125 0.220625
22 0.719063 0.815625 0.115625 0.193750
22 0.458437 0.789062 0.146875 0.104375
22 0.618750 0.900625 0.110000 0.198750
22 0.067812 0.461562 0.134375 0.158125
22 0.092500 0.637188 0.105000 0.068125
22 0.165937 0.776250 0.146875 0.168750
22 0.270625 0.529062 0.108750 0.119375
22 0.269062 0.327188 0.129375 0.093125
22 0.186250 0.245625 0.091250 0.140000
22 0.084687 0.299375 0.155625 0.090000
22 0.696562 0.152500 0.083125 0.098750
22 0.687187 0.070938 0.084375 0.113125
22 0.796250 0.603437 0.107500 0.183125
22 0.664687 0.657188 0.164375 0.109375
