1 0.575417 0.567500 0.079167 0.142500
1 0.659583 0.577187 0.039167 0.120625
1 0.855000 0.739062 0.080000 0.149375
1 0.700000 0.731875 0.051667 0.137500
1 0.326667 0.780312 0.151667 0.080625
1 0.532500 0.893125 0.061667 0.145000
1 0.328333 0.622812 0.063333 0.099375
1 0.322917 0.387188 0.045833 0.110625
1 0.269583 0.419687 0.062500 0.128125
1 0.230833 0.621563 0.100000 0.086875
1 0.639583 0.402187 0.034167 0.099375
1 0.726667 0.165000 0.048333 0.102500
1 0.377083 0.247500 0.039167 0.091250
1 0.388750 0.825937 0.062500 0.136875
