11 0.854492 0.494528 0.087891 0.088919
11 0.685059 0.476060 0.083008 0.084815
11 0.620117 0.466484 0.035156 0.090287
11 0.257812 0.498632 0.046875 0.113543
11 0.329590 0.500000 0.059570 0.086183
11 0.418945 0.535568 0.070312 0.069767
11 0.472168 0.411081 0.051758 0.097127
11 0.541992 0.474692 0.064453 0.062927
11 0.123535 0.197674 0.178711 0.264022
11 0.278320 0.309850 0.115234 0.179207
11 0.894043 0.448016 0.125977 0.269494
11 0.909180 0.128591 0.177734 0.254446
11 0.658203 0.106019 0.177734 0.209302
11 0.291016 0.121067 0.263672 0.239398
11 0.321289 0.766074 0.109375 0.161423
11 0.139648 0.683995 0.277344 0.257182
11 0.664551 0.216142 0.315430 0.172367
11 0.707520 0.361833 0.125977 0.187415
11 0.840332 0.737346 0.147461 0.290014
11 0.742676 0.691518 0.110352 0.280438
11 0.485840 0.696306 0.155273 0.188782
11 0.409668 0.770178 0.209961 0.309166
11 0.572266 0.655267 0.173828 0.268126
