12 0.214000 0.610667 0.334000 0.381333
12 0.398000 0.723333 0.312000 0.198667
12 0.524000 0.595333 0.224000 0.228000
12 0.645000 0.766667 0.256000 0.194667
12 0.852500 0.754000 0.211000 0.233333
12 0.539500 0.889333 0.123000 0.221333
12 0.314500 0.886667 0.157000 0.218667
12 0.131500 0.920000 0.195000 0.160000
12 0.158000 0.200667 0.180000 0.100000
12 0.275000 0.320667 0.104000 0.313333
12 0.361000 0.342000 0.076000 0.220000
12 0.543000 0.222667 0.150000 0.186667
12 0.597000 0.307333 0.230000 0.206667
12 0.880500 0.433333 0.141000 0.330667
12 0.779500 0.048667 0.227000 0.094667
