11 0.653125 0.713604 0.060417 0.119332
11 0.855208 0.421241 0.118750 0.140811
11 0.725000 0.507160 0.133333 0.121718
11 0.435417 0.713604 0.075000 0.090692
11 0.495833 0.632458 0.091667 0.105012
11 0.529167 0.602625 0.062500 0.112172
11 0.409375 0.536993 0.052083 0.081146
11 0.430208 0.442721 0.127083 0.116945
11 0.258333 0.613365 0.083333 0.162291
11 0.173958 0.579952 0.093750 0.119332
11 0.137500 0.491647 0.145833 0.124105
11 0.701042 0.714797 0.060417 0.097852
11 0.683333 0.620525 0.062500 0.138425
11 0.795833 0.599045 0.108333 0.105012
