10 0.623333 0.457118 0.106667 0.361921
10 0.797778 0.396226 0.224444 0.195540
10 0.834444 0.643225 0.093333 0.246998
10 0.640556 0.709262 0.185556 0.210978
10 0.407778 0.474271 0.184444 0.265866
10 0.467222 0.798456 0.183333 0.234991
10 0.839444 0.848199 0.234444 0.231561
10 0.738333 0.898799 0.163333 0.202401
10 0.258889 0.385077 0.113333 0.403087
10 0.412222 0.281304 0.111111 0.253859
10 0.160556 0.724700 0.147778 0.252144
10 0.310000 0.846484 0.142222 0.159520
10 0.519444 0.322470 0.176667 0.209262
