12 0.327500 0.576023 0.190000 0.256475
12 0.551250 0.263576 0.310833 0.151211
12 0.709167 0.393484 0.096667 0.162072
12 0.784167 0.546784 0.136667 0.199666
12 0.932917 0.604845 0.110833 0.105263
12 0.645417 0.723058 0.255833 0.303258
12 0.239167 0.878446 0.171667 0.236424
12 0.186667 0.293233 0.136667 0.195489
12 0.408750 0.170426 0.262500 0.183793
12 0.442083 0.700084 0.229167 0.284043
12 0.234167 0.517544 0.120000 0.199666
12 0.170417 0.657477 0.195833 0.123642
12 0.578333 0.497494 0.300000 0.157895
12 0.712083 0.391813 0.122500 0.183793
12 0.828333 0.242272 0.180000 0.185464
12 0.885833 0.341270 0.225000 0.127820
12 0.409167 0.165414 0.251667 0.168755
12 0.688333 0.058062 0.100000 0.109440
