25 0.366875 0.447083 0.223750 0.300833
25 0.490000 0.349167 0.110000 0.211667
25 0.402187 0.691250 0.231875 0.197500
25 0.616875 0.512083 0.212500 0.215833
25 0.709063 0.274167 0.103125 0.215000
25 0.801562 0.314167 0.170625 0.230000
25 0.885625 0.520417 0.228750 0.177500
25 0.756875 0.750000 0.111250 0.265000
25 0.667188 0.709167 0.149375 0.255000
25 0.595313 0.833750 0.185625 0.289167
25 0.409375 0.889167 0.132500 0.221667
25 0.230000 0.232083 0.113750 0.289167
25 0.103125 0.389167 0.198750 0.121667
25 0.110000 0.485417 0.192500 0.132500
25 0.125938 0.889583 0.155625 0.219167
25 0.236563 0.572917 0.101875 0.214167
25 0.386562 0.254583 0.206875 0.125833
25 0.429375 0.286250 0.110000 0.184167
25 0.598125 0.357083 0.112500 0.144167
