12 0.326250 0.329096 0.093750 0.191149
12 0.221562 0.313089 0.138125 0.168550
12 0.565937 0.363465 0.168125 0.112994
12 0.693438 0.448682 0.134375 0.095104
12 0.743750 0.568738 0.082500 0.146893
12 0.906875 0.481638 0.067500 0.202448
12 0.814375 0.698211 0.057500 0.194915
12 0.590313 0.198211 0.068125 0.112053
12 0.483750 0.188324 0.063750 0.105461
12 0.394062 0.066855 0.074375 0.105461
12 0.328750 0.196798 0.085000 0.086629
12 0.717812 0.112053 0.133125 0.111111
12 0.949375 0.232109 0.091250 0.200565
12 0.814063 0.154426 0.128125 0.158192
